ID	Screening_ID	TBID	Recrud	Censor	Persontime	PCThalflife	lauren_WGS_ID	Plas_2_3_copynum_PCR	Plas_2_3_dup_PCR	Other_ID	Species	PPQ_625ng	X5r_cn_high	Kelch_539	Kelch_580	WGS_ID	CRT_350	MDR6_repeats	MDR6_repeats_gt6	CytoB_wt	miotto_mdr2	miotto_arps10	miotto_crt326	miotto_crt356	miotto_fd	miotto_pph	k13_N458Y_present	k13_H719N_present	ppq_ic50	ppq_ic90	ppq_ic50_old	mq_ic50	mq_ic90	pfmdr1_copynum	mdr1_1246	mIIg_present	region	MIIg_present_new	Kelch_493	k13_other_present	mdrcn_high	both_CN_and_MIIg	both_CN_and_MIIg_absent	pca_group	k13_genotype	k13_r539t_present	k13_c580y_present	k13_mutation	exo_E415G	Plas_2_3_dup	both_exo_plas	both_exo_plas_PCR	merge	cp4_binary	both_exo_plas_binary
15	SN1877-15	TB1877 - 013	1	1	24	6.66				.	Pf	0	0	R	Y	SN015	0	8	1	1	1	1	1	1	1	1	0	0				1.797326	15.8619938	1.28	0	0	1	0	0	0	0	0	1	4	2	0	1	1	1	1	1		3	1	
30	SN1877-30	TB1877 - 026	1	1	21	7.652				.	Pf	0	0	R	Y	SN030	0	8	1	1	1	1	1	1	1	1	0	0				48.483199	451.298356	1.35	0	0	1	0	0	0	0	0	1	4	2	0	1	1	1	1	1		3	1	
47	SN1877-47	TB1877 - 041	1	1	34	6.713				.	Pf	0	0	R	Y	SN047	0	8	1	1	1	1	1	1	1	1	0	0	64.545847	667.378719	41.140296	39.177125	2265.96534	1.35	0	0	1	0	0	0	0	0	1	4	2	0	1	1	1	1	1		3	1	
61	SN1877-61	TB1877 - 054	1	1	28	4.468				.	Pf	0	0	R	Y	SN061	0	8	1	1	1	1	1	1	1	1	0	0						1.15	0	0	1	0	0	0	0	0	1	3	2	0	1	1	1	1	1		3	0	
76	SN1877-76	TB1877 - 068	1	1	27	7.622				.	Pf	1	0	R	Y	SN076	0	8	1	1	1	1	1	1	1	0	0	0	36.482904	60.7855038	30.693507	0.5487208		1.1	0	0	1	0	0	0	0	0	1	2	2	0	1	1	1	0	3		3	0	
92	SN1877-92	TB1877 - 083	0	0	42	7.056				.	Pf	0	0	R	Y	SN092	0	8	1	1	1	1	1	1	1	1	0	0				92.723214	471.532441	0.98	0	0	1	0	0	0	0	0	1	3	2	0	1	1	1	0	3		3	0	
114	SN1877-114	TB1877 - 102	1	1	28	7.175				.	Pf	0	0	R	Y	SN114	0	8	1	1	1	1	1	1	1	1	0	0						0.91	0	0	1	0	0	0	0	0	1	4	2	0	1	1	1	1	1		3	1	
3	SN1877-3	TB1877 - 002	0	0	28	5.434		0.87718699	0	.	PfPv	0	0	T	C	SN003	0	8	1	1	1	1	1	1	1	1	0	0	9.4775771	20.1815316	9.4775771	173.946435	752.4272	2.96	0	1	1	1	0	0	1	1	0	1	1	1	0	1	0			0	3	0	0
16	SN1877-16	TB1877 - 014	0	0	41	5.144		1.010684768	0	.	Pf	0	0	R	Y	SN016	0	8	1	1	1	1	1	1	1	1	0	0	45.700659	74.6479963	45.700659	5.3088018	134.1762	0.72	0	0	1	0	0	0	0	0	1	4	2	0	1	1	1	0	3	3	3	1	0
19	SN1877-19	TB1877 - 017	0	0	23	4.328		1.030845215	0	.	PfPv	0	0	T	C	SN019	0	8	1	1	1	1	1	1	1	1	0	0	31.426615	45.4562574	31.426615	35.68132	1253.93084	1.24	0	1	1	0	0	0	0	0	0	1	1	1	0	1	0			0	3	0	0
22	SN1877-22	TB1877 - 019	0	0	42	6.875		1.024930304	0	.	Pf	0	0	R	Y	SN022	0	8	1	1	1	1	1	1	1	1	0	0	19.470486	100.591787	19.470486	43.685508	387.210062	3.21	0	0	1	0	0	0	1	0	0	3	2	0	1	1	1	0	3	3	3	0	0
32	SN1877-32	TB1877 - 028	0	0	42	6.556		1.027698972	0	.	Pf	0	0	T	C	SN032	0	8	1	1	1	1	1	1	1	1	0	0	26.025334	35.5254018	26.025334	51.038753	231.547217	1.23	0	1	1	1	0	0	0	0	0	1	1	1	0	1	0			0	3	0	0
35	SN1877-35	TB1877 - 031	0	0	42	5.187		1.39167502	0	.	Pf	0	0	R	Y	SN035	0	8	1	1	1	1	1	1	1	1	0	0	72.211138	309.423198	72.211138	29.17189	152.969366	1.15	0	0	1	0	0	0	0	0	1	3	2	0	1	1	1	1	1	3	3	0	0
43	SN1877-43	TB1877 - 037	0	0	14	6.06		0.994141986	0	.	Pf	0	0	T	C	SN043	0	8	1	1	1	1	1	1	1	1	0	0	42.865256	91.8290472	42.865256	162.880404	486.242219	1.28	0	1	1	1	0	0	0	0	0	1	1	1	0	1	0			0	3	0	0
44	SN1877-44	TB1877 - 038	0	0	21	5.255		1.253491737	0	.	Pf	0	0	R	Y	SN044	0	8	1	1	1	1	1	1	1	1	0	0	46.940474	845.853109	46.940474	76.90771	435.633261	1	0	0	1	0	0	0	0	0	1	3	2	0	1	1	1	1	1	3	3	0	0
60	SN1877-60	TB1877 - 053	0	0	35	5.205		1.229542418	0	.	Pf	0	0	T	C	SN060	0	8	1	1	1	1	1	1	1	1	0	0	20.667177	69.1637401	20.667177	141.27874	770.803389	1.05	0	1	1	0	0	0	0	0	0	1	1	1	0	1	0			0	3	0	0
64	SN1877-64	TB1877 - 056	0	0	42	4.991		1.012208506	0	.	Pf	1	0	R	C	SN064	0	8	1	1	0	1	0	0	1	1	0	0	76.857749	568.539947	44.503968	10.6127818	342.571799	1.15		0	1	0	0	0	0	0	1	2	3	0	0	0	0	0	0	0	3	0	0
66	SN1877-66	TB1877 - 059	0	0	1	5.44		1.154655877	0	.	Pf	0	0	T	C	SN066	0	8	1	1	1	1	1	1	1	1	0	0	29.054795	125.223999	29.054795	179.756704	410.986853	2.3	0	1	1	1	0	0	1	1	0	1	1	1	0	1	0			0	3	0	0
72	SN1877-72	TB1877 - 064	0	0	42	3.165		0.985989499	0	.	Pf	0	0	T	C	SN072	0	8	1	1	1	1	1	1	1	1	0	0	18.899093	56.4496606	18.899093	118.254645	4253.36788	1.24	0	1	1	1	0	0	0	0	0	1	1	1	0	1	0			0	3	0	0
78	SN1877-78	TB1877 - 070	0	0	14	5.192		0.977580395	0	.	Pf	0	0	R	Y	SN078	0	9	1	1	1	1	1	1	1	1	0	0	18.284576	97.8395148	18.284576			0.94	0	1	1	1	0	0	0	0	0	2	2	0	1	1	0	0	0	0	3	0	0
82	SN1877-82	TB1877 - 073	0	0	42	4.871				.	Pf	0	0	T	C	SN082	0	8	1	1	1	1	1	1	1	1	0	0						1.24	0	1	1	0	0	0	0	0	0	1	1	1	0	1	0				3	0	0
83	SN1877-83	TB1877 - 074	0	0	42	5.278		1.30122067	0	.	Pf	0	0	T	C	SN083	0	8	1	1	1	1	1	1	1	1	0	0	19.761573	52.58645	19.761573	1.0405444	25.3418286	3.9	0	1	1	1	0	0	1	1	0	1	1	1	0	1	0			0	3	0	0
93	SN1877-93	TB1877 - 084	0	0	42	7.266		1.02143532	0	.	Pf	0	0	T	C	SN093	0	8	1	1	1	1	1	1	1	1	0	0	32.946736	70.7306138	32.946736			2.66	0	1	1	1	0	0	1	1	0	1	1	1	0	1	0			0	3	0	0
97	SN1877-97	TB1877 - 088	0	0	42	2.586		2.286171789	1	.	Pf	0	0	R	C	SN097	0	8	1	1	1	0	1	1	1	1	0	0	45.301762	311.820619	45.301762			0.89	0	0	1	0	0	0	0	0	1	2	3	0	0	0	0	1	2	2	3	0	0
99	SN1877-99	TB1877 - 090	0	0	42	7.049		1.002030737	0	.	Pf	0	0	T	C	SN099	0	8	1	1	1	1	1	1	1	1	0	0	21.799182	68.2575336	21.799182			1.98	0	1	1	1	0	0	1	1	0	1	1	1	0	1	0			0	3	0	0
107	SN1877-107	TB1877 - 097	0	0	42	2.077		0.932090865	0	.	Pf	0	0	R	C	SN107	0	6	0	1	0	0	0	0	1	0	0	0	12.969543	104.298508	12.969543			1.07	0	0	1	0	0	0	0	0	1	2	3	0	0	0	0	0	0	0	3	0	0
109	SN1877-109	TB1877 - 099	0	0	42	5.227		0.992676758	0	.	Pf	0	0	R	Y	SN109	0	8	1	1	1	1	1	1	1	0	0	0	17.605373	360.394462	17.605373	7.5388843	232.265625	1.08	0	0	1	0	0	0	0	0	1	2	2	0	1	1	1	0	3	3	3	0	0
111	SN1877-111	TB1877 - 100	0	0	42	3.455		0.991304491	0	.	Pf	0	0	R	C	SN111	0	8	1	1	1	0	0	0	0	0	0	0	45.840812	134.662802	45.840812	84.043974	314.005748	0.96	0	0	1	0	0	0	0	0	1	2	3	0	0	0	0	0	0	0	3	0	0
116	SN1877-116	TB1877 - 104	1	1	22	7.079		1.398174793	0	.	Pf	1	0	R	Y	SN116	0	8	1	1	1	1	1	1	1	1	0	0	397.06423	11887.8213	53.333607	66.420295	203.662444	1.05	0	0	1	0	0	0	0	0	1	4	2	0	1	1	1	1	1	3	3	1	0
31	SN1877-31	TB1877 - 027	0	0	1	7.642		1.630517612	1	.	Pf	0	0	R	Y	SN031	0	8	1	1	1	1	1	1	1	1	0	0	25.928305	8.4124091	25.928305	43.781944	16.7864503	0.74	0	0	1	0	0	0	0	0	1	4	2	0	1	1	1	1	1	1	3	1	1
38	SN1877-38	TB1877 - 034	0	0	42	4.465		2.746792256	1	.	Pf	1	0	R	Y	SN038	0	8	1	1	1	1	1	1	1	1	0	0	119.34567	1060.12693		102.632013	879.166688	1.27	0	0	1	0	0	0	0	0	1	3	2	0	1	1	1	1	1	1	3	0	1
39	SN1877-39	TB1877 - 035	0	0	42	5.415		2.729202598	1	.	Pf	0	0	R	Y	SN039	0	8	1	1	1	1	1	1	1	1	0	0	57.430387	923.345216	47.673582	23.0313277	89.4790551	1.19	0	0	1	0	0	0	0	0	1	3	2	0	1	1	1	1	1	1	3	0	1
42	SN1877-42	TB1877 - 036	1	1	18	6.78		1.771515316	1	.	Pf	1	0	R	Y	SN042	0	8	1	1	1	1	1	1	1	1	0	0	148.45437	3580.56959	59.608149	47.784038	168.559861	1.16	0	0	1	0	0	0	0	0	1	4	2	0	1	1	1	1	1	1	3	1	1
46	SN1877-46	TB1877 - 040	1	1	38	7.273		2.534542999	1	.	Pf	1	0	R	Y	SN046	0	8	1	1	1	1	1	1	1	1	0	0	80.221421	735.885988	39.178154	38.791381	989.333497	1.39	0	0	1	0	0	0	0	0	1	4	2	0	1	1	1	1	1	1	3	1	1
48	SN1877-48	TB1877 - 042	0	0	29	7.007		2.439499788	1	.	Pf	0	0	R	Y	SN048	0	8	1	1	1	1	1	1	1	1	0	0	34.348266	65.6111608	34.348266	5.4438122	106.970781	1.38	0	0	1	0	0	0	0	0	1	3	2	0	1	1	1	1	1	1	3	0	1
52	SN1877-52	TB1877 - 046	1	1	31	6.042		2.468036841	1	.	Pf	0	0	R	Y	SN052	0	8	1	1	1	1	1	1	1	1	0	0	131.31258	678.409727	131.31258	33.342747	122.454914	1.08	0	0	1	0	0	0	0	0	1	3	2	0	1	1	1	1	1	1	3	0	1
57	SN1877-57	TB1877 - 051	0	0	3	7.07		2.928586092	1	.	Pf	0	0	R	Y	SN057	0	8	1	1	1	1	1	1	1	1	0	0	156.75574	559.045463	118.37538	32.06497	436.524742	1.26	0	0	1	0	0	0	0	0	1	3	2	0	1	1	1	1	1	1	3	0	1
58	SN1877-58	TB1877 - 052	1	1	42	6.219		2.993048983	1	.	Pf	0	0	R	Y	SN058	0	8	1	1	1	1	1	1	1	1	0	0	6.57641	67.424374	6.5796443	13.4480002	1263.15297	1.39	0	0	1	0	0	0	0	0	1	3	2	0	1	1	1	1	1	1	3	0	1
62	SN1877-62	TB1877 - 055	1	1	22	5.793		1.865228463	1	.	Pf	1	0	R	Y	SN062	0	8	1	1	1	1	1	1	1	1	0	0	92.7166	3883.21413	34.024836	7.8474795	323.315833	0.75	0	0	1	0	0	0	0	0	1	4	2	0	1	1	1	1	1	1	3	1	1
63	SN1877-63	TB1877 - 057	1	1	26	5.954		2.188784265	1	.	PfPv	0	0	R	Y	SN063	0	8	1	1	1	1	0	1	1	1	0	0	51.511618	142.189502	51.511618	34.596415	220.607392	0.86	0	0	1	0	0	0	0	0	1	4	2	0	1	1	1	0	3	1	3	1	1
71	SN1877-71	TB1877 - 063	0	0	1	0		2.974350148	1	.	Pf	0	0	R	Y	SN071	0	8	1	1	1	1	1	1	1	1	0	0	59.263157	626.267688	59.263157	42.67293	3715.90027	3.19	0	0	1	0	0	0	1	0	0	4	2	0	1	1	1	1	1	1	3	1	1
74	SN1877-74	TB1877 - 066	1	1	28	11.058		2.269785333	1	.	Pf	0	0	R	Y	SN074	0	8	1	1	1	1	1	1	1	1	0	0	32.601744	64.9196868	32.601744	33.077548	573.864414		0	0	1	0	0	0				4	2	0	1	1	1	1	1	1	3	1	1
75	SN1877-75	TB1877 - 067	0	0	42	7.993		1.983385155	1	.	Pf	1	0	R	Y	SN075	0	8	1	1	1	1	1	1	1	1	0	0	58.928946	1882.4835	29.43213	4.7663493		1.22	0	0	1	0	0	0	0	0	1	4	2	0	1	1	1	1	1	1	3	1	1
77	SN1877-77	TB1877 - 069	1	1	24	5.976		1.922161914	1	.	Pf	1	0	R	Y	SN077	0	8	1	1	1	1	1	1	1	1	0	0	42.239958	159.588896	30.855222	1.5031961			0	0	1	0	0	0				4	2	0	1	1	1	1	1	1	3	1	1
81	SN1877-81	TB1877 - 072	1	1	14	8.21		1.754753959	1	.	Pf	1	0	R	Y	SN081	0	8	1	1	1	1	1	1	1	1	0	0	57.67835	1266.36823	42.218396				0	0	1	0	0	0				4	2	0	1	1	1	1	1	1	3	1	1
85	SN1877-85	TB1877 - 076	0	0	42	8.103		2.692138755	1	.	Pf	1	0	R	Y	SN085	0	8	1	1	1	1	1	1	1	1	0	0	36.666181	375.659738	26.801566			1.3	0	0	1	0	0	0	0	0	1	3	2	0	1	1	1	1	1	1	3	0	1
86	SN1877-86	TB1877 - 077	1	1	28	6.763		2.24748718	1	.	Pf	1	0	R	Y	SN086	0	8	1	1	1	1	1	1	1	1	0	0	14.996371	111.952844	9.5056077	3.1317591	507.217795	1.05	0	0	1	0	0	0	0	0	1	4	2	0	1	1	1	1	1	1	3	1	1
91	SN1877-91	TB1877 - 082	1	1	20	6.347		2.76621147	1	.	Pf	1	0	R	Y	SN091	0	8	1	1	1	1	1	1	1	0	0	0	71.564278	1707.12751	32.752678	1.208102	21.3299803	1.07	0	0	1	0	0	0	0	0	1	2	2	0	1	1	1	1	1	1	3	0	1
94	SN1877-94	TB1877 - 085	0	0	42	4.396		2.15199671	1	.	Pf	0	0	R	Y	SN094	0	8	1	1	1	1	1	1	1	1	0	0	31.825512	85.3995873	31.825512	63.334343	234.594465	1.26	0	0	1	0	0	0	0	0	1	3	2	0	1	1	1	1	1	1	3	0	1
95	SN1877-95	TB1877 - 086	0	0	42	6.383		2.259010828	1	.	Pf	0	0	R	Y	SN095	0	8	1	1	1	1	1	1	1	1	0	0	37.798186	71.9415187	37.798186	53.015691	225.866588	1.12	0	0	1	0	0	0	0	0	1	3	2	0	1	1	1	0	3	1	3	0	1
96	SN1877-96	TB1877 - 087	1	1	21	7.325		1.653521647	1	.	Pf	1	0	R	Y	SN096	0	8	1	1	1	1	1	1	1	1	0	0	307.04288	3267.00383	101.513896	25.097469	144.53816	1.31	0	0	1	0	0	0	0	0	1	4	2	0	1	1	1	1	1	1	3	1	1
98	SN1877-98	TB1877 - 089	1	1	28	8.134		3.183109967	1	.	Pf	0	0	R	Y	SN098	0	8	1	1	1	1	1	1	1	1	0	0	29.291977	136.306984	29.291977	33.222202	672.812517	0.91	0	0	1	0	0	0	0	0	1	4	2	0	1	1	1	1	1	1	3	1	1
101	SN1877-101	TB1877 - 092	1	1	12	9.577		2.009937831	1	.	Pf	1	0	R	Y	SN101	0	.	.	1	1	1	1	1	1	1	0	0	65.602385	2523.71364	33.431881	10.4705387	398.681262	0.96	0	0	1	0	0	0	0	0	1	4	2	0	1	1	1	1	1	1	3	1	1
102	SN1877-102	TB1877 - 093	0	0	42	5.144		1.961449306	1	.	Pf	1	0	R	Y	SN102	0	.	.	1	1	1	1	1	1	1	0	0	26.607508	195.046398	9.5659813	1.7204182		0.98		0	1	0	0	0	0	0	1	4	2	0	1	1	1	1	1	1	3	1	1
105	SN1877-105	TB1877 - 095	0	0	42	5.886		2.256367938	1	.	Pf	0	0	R	Y	SN105	0	8	1	1	1	1	1	1	1	1	0	0	28.946985	125.614531	28.946985	6.7939162		0.77	0	0	1	0	0	0	0	0	1	3	2	0	1	1	1	1	1	1	3	0	1
106	SN1877-106	TB1877 - 096	1	1	20	8.482		1.905128994	1	.	Pf	1	0	R	Y	SN106	0	8	1	1	1	1	1	1	1	1	0	0			4.4072728			1.01	0	0	1	0	0	0	0	0	1	4	2	0	1	1	1	1	1	1	3	1	1
108	SN1877-108	TB1877 - 098	1	1	40	7.558		1.942787265	1	.	Pf	1	0	R	Y	SN108	0	8	1	1	1	1	1	1	1	1	0	0	17.389753	970.578287	9.6101834			1.01	0	0	1	0	0	0	0	0	1	4	2	0	1	1	1	1	1	1	3	1	1
117	SN1877-117	TB1877 - 105	1	1	27	8.145		2.425880427	1	.	PfPv	0	0	R	Y	SN117	0	8	1	1	1	1	1	1	1	1	0	0	61.268423	267.712048	61.268423	60.248391	298.157059	0.95	0	0	1	0	0	0	0	0	1	3	2	0	1	1	1	1	1	1	3	0	1
