Screening_ID	Other_ID	WGS_ID	Species	pca_group	PPQ_625ng	X5r_cn_high	Kelch_539	Kelch_580	CRT_350	MDR6_repeats	MDR6_repeats_gt6	CytoB_wt	miotto_mdr2	miotto_arps10	miotto_crt326	miotto_crt356	miotto_fd	miotto_pph	k13_N458Y_present	k13_H719N_present	id	ppq_ic50	ppq_ic90	ppq_ic50_old	mq_ic50	mq_ic90	pfmdr1_copynum	mdr1_1246	cviet_present	mIIg_present	recrud	region	MIIg_present_new	Kelch_493	k13_other_present	mdrcn_high	both_CN_and_MIIg	both_CN_and_MIIg_absent	k13_genotype	k13_r539t_present	k13_c580y_present	k13_mutation	exo_E415G	Plas_2_3_dup
SN1877-4	0	0	Pf	0	0	0	0	0	0	0	0	0	0	0	0	0	0	0	0	0	4						999	0		0		1												
SN1877-40	0	0	Pf	0	0	0	0	0	0	0	0	0	0	0	0	0	0	0	0	0	40	89.115746	319.4657	89.115746	100.582748	357.923415	999	0		0		1												
SN1877-59	0	0	Pf	0	0	0	0	0	0	0	0	0	0	0	0	0	0	0	0	0	59	49.021207	412.985159	49.021207	54.389904	707.142185	999	0		0		1												
SN1877-68	0	0	Pf	0	0	0	0	0	0	0	0	0	0	0	0	0	0	0	0	0	68	25.44316	60.6375997	25.44316	11.3095319		999	0		0		1												
SN1877-1	0	0	Pf	0	0	0	0	0	0	0	0	0	0	0	0	0	0	0	0	0	1	45.776126	86.2572223	45.776126	73.411905		999	0		1		1												
SN1877-25	0	0	Pf	0	1	0	0	0	0	0	0	0	0	0	0	0	0	0	0	0	25	32.504715	232.810398	24.947234	4.2769366	4816.76883	999	0		1		1												
SN1877-41	0	0	Pf	0	0	0	0	0	0	0	0	0	0	0	0	0	0	0	0	0	41	17.982708	43.1550268	17.982708	170.426521	503.852123	999	0		1		1												
SN1877-5	0	0	Pf	0	0	0	T	C	0	0	0	0	0	0	0	0	0	0	0	0	5	25.108949	64.577164	25.108949	49.206469	671.969249	0.97	0		1	1	1				0	0	0	1	1	0	1		
SN1877-7	0	0	Pf	0	0	0	T	C	0	0	0	0	0	0	0	0	0	0	0	0	7	22.025583	58.3572506	22.025583	109.864713	572.525384	2.05	0		1	0	1				1	1	0	1	1	0	1		
SN1877-13	0	0	Pf	0	0	0	T	C	0	0	0	0	0	0	0	0	0	0	0	0	13						3.98	0		1	0	1				1	1	0	1	1	0	1		
SN1877-21	0	0	Pf	0	0	0	T	C	0	0	0	0	0	0	0	0	0	0	0	0	21						1.15			1	0	1				0	0	0	1	1	0	1		
SN1877-23	0	0	Pf	0	0	0	T	C	0	0	0	0	0	0	0	0	0	0	0	0	23	36.288846	79.0746129	29.32432	119.894057	593.331354	1.2	0		1	0	1				0	0	0	1	1	0	1		
SN1877-26	0	0	Pf	0	0	0	T	C	0	0	0	0	0	0	0	0	0	0	0	0	26						1.33	0		1	1	1				0	0	0	1	1	0	1		
SN1877-28	0	0	Pf	0	0	0	T	C	0	0	0	0	0	0	0	0	0	0	0	0	28	17.583811	63.4596468	17.583811	46.867896	296.083683	1.08	0		1	0	1				0	0	0	1	1	0	1		
SN1877-29	0	0	Pf	0	0	0	T	C	0	0	0	0	0	0	0	0	0	0	0	0	29	23.772105	39.6122749	23.772105	98.316502	732.617589	1.04	0		1	0	1				0	0	0	1	1	0	1		
SN1877-36	0	0	Pf	0	0	0	T	C	0	0	0	0	0	0	0	0	0	0	0	0	36	28.558869	81.1078448	28.558869	216.764019	321.183754	1.45	0		1	0	1				0	0	0	1	1	0	1		
SN1877-49	0	0	Pf	0	0	0	T	C	0	0	0	0	0	0	0	0	0	0	0	0	49	23.664295	29.033233	23.664295	35.126813	229.368695	1.31	0		1	0	1				0	0	0	1	1	0	1		
SN1877-53	0	0	Pf	0	0	0	T	C	0	0	0	0	0	0	0	0	0	0	0	0	53	20.774987	34.2851704	20.774987	147.932824	302.124267	1.43	0		1	1	1				0	0	0	1	1	0	1		
SN1877-54	0	0	Pf	0	0	0	T	C	0	0	0	0	0	0	0	0	0	0	0	0	54	25.152073	28.7139489	25.152073	45.831209	101.71925	1.22	0		1	0	1				0	0	0	1	1	0	1		
SN1877-67	0	0	Pf	0	0	0	T	C	0	0	0	0	0	0	0	0	0	0	0	0	67	12.656894	65.631985	12.656894	6.798738		2.87	0		1	0	1				1	1	0	1	1	0	1		
SN1877-69	0	0	Pf	0	0	0	T	C	0	0	0	0	0	0	0	0	0	0	0	0	69	16.106814	43.1440671	16.106814	205.432789	379.245522		0		1	1	1							1	1	0	1		
SN1877-73	0	0	PfPv	0	0	0	T	C	0	0	0	0	0	0	0	0	0	0	0	0	73	34.973564	70.2078684	34.973564	192.558583	317.817676	1.34	0		1	0	1				0	0	0	1	1	0	1		
SN1877-84	0	0	PfPv	0	0	0	T	C	0	0	0	0	0	0	0	0	0	0	0	0	84	8.2420745	30.8918857	8.2420745	27.604805	2018.84822	1.17	0		1	0	1				0	0	0	1	1	0	1		
SN1877-88	0	0	Pf	0	0	0	T	C	0	0	0	0	0	0	0	0	0	0	0	0	88	31.016937	70.9155935	31.016937	127.319629	447.829988	1.18	0		1	0	1				0	0	0	1	1	0	1		
SN1877-89	0	0	Pf	0	0	0	T	C	0	0	0	0	0	0	0	0	0	0	0	0	89	17.389753	74.2288072	17.389753			1.08	0		1	0	1				0	0	0	1	1	0	1		
SN1877-90	0	0	Pf	0	0	0	T	C	0	0	0	0	0	0	0	0	0	0	0	0	90	22.499947	49.412466	22.499947	133.419206	374.662807	1.21	0		1	0	1				0	0	0	1	1	0	1		
SN1877-100	0	0	Pf	0	0	0	T	C	0	0	0	0	0	0	0	0	0	0	0	0	100	18.661911	34.7088336	18.661911			1.01	0		1	0	1				0	0	0	1	1	0	1		
SN1877-104	0	0	Pf	0	0	0	T	C	0	0	0	0	0	0	0	0	0	0	0	0	104	38.283331	99.2290639	38.283331	70.253626	456.543101	1.1	0		1	1	1				0	0	0	1	1	0	1		
SN1877-112	0	0	Pf	0	0	0	T	C	0	0	0	0	0	0	0	0	0	0	0	0	112	33.85234	64.6885291	33.85234	155.358396	574.114251	999	0		1		1							1	1	0	1		
SN1877-115	0	0	Pf	0	0	0	T	C	0	0	0	0	0	0	0	0	0	0	0	0	115	24.25725	43.6296895	24.25725	38.5744	645.88876	1.02	0		1	0	1				0	0	0	1	1	0	1		
SN11-TS-036	IVC11-BB-0084	BB084	Pf	1	0	0	T	C	0	8	1	1	1	1	1	1	1	1	0	0	234	12.615044			53.88		1.8030226	0	1			2	0	0	0	1			1	1	0	1	0	0
SN11-PS-073	IVC11-OM-0352	OM352	Pf	1	0	0	T	C	0	8	1	1	1	1	1	1	1	1	0	0	231	14.35574			143.04		3.5242914	0	1			1	0	0	0	1			1	1	0	1	0	0
SN1877-3	0	SN003	PfPv	1	0	0	T	C	0	8	1	1	1	1	1	1	1	1	0	0	3	9.4775771	20.1815316	9.4775771	173.946435	752.4272	2.96	0	1	1	0	1	1	0	0	1	1	0	1	1	0	1	0	0
SN1877-19	0	SN019	PfPv	1	0	0	T	C	0	8	1	1	1	1	1	1	1	1	0	0	19	31.426615	45.4562574	31.426615	35.68132	1253.93084	1.24	0	1	1	0	1	0	0	0	0	0	0	1	1	0	1	0	0
SN1877-32	0	SN032	Pf	1	0	0	T	C	0	8	1	1	1	1	1	1	1	1	0	0	32	26.025334	35.5254018	26.025334	51.038753	231.547217	1.23	0	1	1	0	1	1	0	0	0	0	0	1	1	0	1	0	0
SN1877-43	0	SN043	Pf	1	0	0	T	C	0	8	1	1	1	1	1	1	1	1	0	0	43	42.865256	91.8290472	42.865256	162.880404	486.242219	1.28	0	1	1	0	1	1	0	0	0	0	0	1	1	0	1	0	0
SN1877-60	0	SN060	Pf	1	0	0	T	C	0	8	1	1	1	1	1	1	1	1	0	0	60	20.667177	69.1637401	20.667177	141.27874	770.803389	1.05	0	1	1	0	1	0	0	0	0	0	0	1	1	0	1	0	0
SN1877-66	0	SN066	Pf	1	0	0	T	C	0	8	1	1	1	1	1	1	1	1	0	0	66	29.054795	125.223999	29.054795	179.756704	410.986853	2.3	0	1	1	0	1	1	0	0	1	1	0	1	1	0	1	0	0
SN1877-72	0	SN072	Pf	1	0	0	T	C	0	8	1	1	1	1	1	1	1	1	0	0	72	18.899093	56.4496606	18.899093	118.254645	4253.36788	1.24	0	1	1	0	1	1	0	0	0	0	0	1	1	0	1	0	0
SN1877-82	0	SN082	Pf	1	0	0	T	C	0	8	1	1	1	1	1	1	1	1	0	0	82						1.24	0	1	1	0	1	0	0	0	0	0	0	1	1	0	1	0	0
SN1877-83	0	SN083	Pf	1	0	0	T	C	0	8	1	1	1	1	1	1	1	1	0	0	83	19.761573	52.58645	19.761573	1.0405444	25.3418286	3.9	0	1	1	0	1	1	0	0	1	1	0	1	1	0	1	0	0
SN1877-93	0	SN093	Pf	1	0	0	T	C	0	8	1	1	1	1	1	1	1	1	0	0	93	32.946736	70.7306138	32.946736			2.66	0	1	1	0	1	1	0	0	1	1	0	1	1	0	1	0	0
SN1877-99	0	SN099	Pf	1	0	0	T	C	0	8	1	1	1	1	1	1	1	1	0	0	99	21.799182	68.2575336	21.799182			1.98	0	1	1	0	1	1	0	0	1	1	0	1	1	0	1	0	0
SN1877-9	0	0	Pf	0	0	0	R	Y	0	0	0	0	0	0	0	0	0	0	0	0	9	26.866252	32.097683	26.866252	25.459104	160.093025	1.12				1	1				0			2	0	1	1		
SN1877-11	0	0	Pf	0	0	0	R	Y	0	0	0	0	0	0	0	0	0	0	0	0	11	46.433767	231.137324	46.433767	19.0436991	179.829597	1.23	0		0	0	1				0	0	1	2	0	1	1		
SN1877-12	0	0	Pf	0	0	0	R	Y	0	0	0	0	0	0	0	0	0	0	0	0	12	19.761573	112.553224	19.761573	69.67501	213.034346	1.59	0		0	1	1				1	0	0	2	0	1	1		
SN1877-14	0	0	Pf	0	0	0	R	Y	0	0	0	0	0	0	0	0	0	0	0	0	14	43.242591	192.777468	43.242591	40.382575	841.626466	1.45	0		0	1	1				0	0	1	2	0	1	1		
SN1877-17	0	0	Pf	0	1	0	R	Y	0	0	0	0	0	0	0	0	0	0	0	0	17				40.189703	663.0884	1.47	0		0	1	1				0	0	1	2	0	1	1		
SN1877-18	0	0	Pf	0	0	0	R	Y	0	0	0	0	0	0	0	0	0	0	0	0	18	23.955382	147.021906	23.955382	17.4838468	261.792524	1.42			0	0	1				0	0	1	2	0	1	1		
SN1877-20	0	0	Pf	0	0	0	R	Y	0	0	0	0	0	0	0	0	0	0	0	0	20				2.9485307	93.3733422	1.06	0		0	0	1				0	0	1	2	0	1	1		
SN1877-24	0	0	Pf	0	1	0	R	Y	0	0	0	0	0	0	0	0	0	0	0	0	24	3432.6704	67642.9289		52.003113	269.66075	1.09	0		0	0	1				0	0	1	2	0	1	1		
SN1877-27	0	0	Pf	0	0	0	R	Y	0	0	0	0	0	0	0	0	0	0	0	0	27				210.71266	317.483345	999	0		0		1							2	0	1	1		
SN1877-33	0	0	PfPv	0	0	0	R	Y	0	0	0	0	0	0	0	0	0	0	0	0	33	42.962285	2202.38367	42.962285			1.16	0		0	1	1				0	0	1	2	0	1	1		
SN1877-34	0	0	PfPv	0	0	0	R	Y	0	0	0	0	0	0	0	0	0	0	0	0	34	54.87529	179.732478	54.87529	35.223249	210.507503	1.5	0		0	1	1				1	0	0	2	0	1	1		
SN1877-37	0	0	Pf	0	1	0	R	Y	0	0	0	0	0	0	0	0	0	0	0	0	37	200.20317	11433.4316		172.37935	292.924781	1.56	0		0	1	1				1	0	0	2	0	1	1		
SN1877-45	0	0	Pf	0	0	0	R	Y	0	0	0	0	0	0	0	0	0	0	0	0	45						1.27	0		0	0	1				0	0	1	2	0	1	1		
SN1877-50	0	0	Pf	0	0	0	R	Y	0	0	0	0	0	0	0	0	0	0	0	0	50	35.911511	90.2616333	35.911511	12.4619421	94.2458147	1.3	0		0	0	1				0	0	1	2	0	1	1		
SN1877-51	0	0	Pf	0	0	0	R	Y	0	0	0	0	0	0	0	0	0	0	0	0	51	61.591853	287.229209	43.921794	106.055491	566.770094	1.39	0		0	1	1				0	0	1	2	0	1	1		
SN1877-55	0	0	PfPv	0	0	0	R	Y	0	0	0	0	0	0	0	0	0	0	0	0	55	24.171002	84.3518703	24.171002	16.3314366	288.5607	1.57	0		0	1	1				1	0	0	2	0	1	1		
SN1877-56	0	0	Pf	0	0	0	R	Y	0	0	0	0	0	0	0	0	0	0	0	0	56	95.821528	602.549026	90.926954	55.715899	68.0097255	1.27	0		0	0	1				0	0	1	2	0	1	1		
SN1877-65	0	0	Pf	0	0	0	R	Y	0	0	0	0	0	0	0	0	0	0	0	0	65	30.154457	119.056491	30.154457	62.418201	403.054998	1.02	0		0	1	1				0	0	1	2	0	1	1		
SN1877-70	0	0	Pf	0	1	0	R	Y	0	0	0	0	0	0	0	0	0	0	0	0	70	38.143178	1384.03278	33.216261	31.775662	590.018182	0.94	0		0	1	1				0	0	1	2	0	1	1		
SN1877-80	0	0	Pf	0	0	0	R	Y	0	0	0	0	0	0	0	0	0	0	0	0	80						1.11	0		0	0	1				0	0	1	2	0	1	1		
SN1877-87	0	0	PfPv	0	0	0	R	Y	0	0	0	0	0	0	0	0	0	0	0	0	87	16.290091	36.1861731	16.290091	20.3455851	1119.83321	1.37	0		0	0	1				0	0	1	2	0	1	1		
SN1877-110	0	0	Pf	0	0	0	R	Y	0	0	0	0	0	0	0	0	0	0	0	0	110	24.936453	75.1401544	24.936453	2.7532478	215.742266	999	0		0		1							2	0	1	1		
SN1877-113	0	0	Pf	0	0	0	R	Y	0	0	0	0	0	0	0	0	0	0	0	0	113	34.488419	68.6026257	34.488419	37.007315	472.497172	0.84	0		0	1	1				0	0	1	2	0	1	1		
SN1877-118	0	0	Pf	0	0	0	R	Y	0	0	0	0	0	0	0	0	0	0	0	0	118	23.976944	191.304139	23.976944	36.332263	1229.62405	0.89	0		0	0	1				0	0	1	2	0	1	1		
SN1877-119	0	0	PfPv	0	0	0	R	Y	0	0	0	0	0	0	0	0	0	0	0	0	119	31.124747	138.3338	31.124747	28.496838	217.948835	0.96	0		0	1	1				0	0	1	2	0	1	1		
SN1877-2	0	0	Pf	0	0	0	R	Y	0	0	0	0	0	0	0	0	0	0	0	0	2	18.316919	60.4200088	18.316919	179.033434	309.712841	0.98	0		1	0	1				0	0	0	2	0	1	1		
SN1877-6	0	0	Pf	0	0	0	R	Y	0	0	0	0	0	0	0	0	0	0	0	0	6	18.403167	39.2182737	18.403167	117.820683	521.017682	1.52	0		1	0	1				1	1	0	2	0	1	1		
SN1877-8	0	0	Pf	0	0	0	R	Y	0	0	0	0	0	0	0	0	0	0	0	0	8	39.296745	80.9951077	24.138659	56.149861	150.871627	1.23	0		1	0	1				0	0	0	2	0	1	1		
SN1877-10	0	0	Pf	0	0	0	R	Y	0	0	0	0	0	0	0	0	0	0	0	0	10	33.766092	160.239248	33.766092	8.5635168	107.554863	1.18	0		1	0	1				0	0	0	2	0	1	1		
SN10-SL-012	IVC10-BB-0059	BB059	Pf	1	0	0	R	Y	0	8	1	1	1	1	1	1	1	1	0	0	220	14.295716			170.72		0.9582627	0	1			2	0	0	0	0			2	0	1	1	1	0
SN11-KL-018	IVC11-BB-0080	BB080	Pf	1	0	0	R	Y	0	8	1	1	1	1	1	1	1	1	0	0	228	11.024408			189.76		3.1889351	0	1			2	0	0	0	1			2	0	1	1	0	0
SN11-BR-037	IVC11-KP-0054	KP054	Pf	1	0	0	R	Y	0	8	1	1	1	1	1	1	1	1	0	0	225	7.723088			181.95		2.6928812	0	1			3	0	0	0	1			2	0	1	1	0	0
SN12-BR-042	IVC12-KP-0065	KP065	Pf	1	0	0	R	Y	0	8	1	1	1	1	1	1	1	1	0	0	235	6.15246					3.9004851	0	1			3	0	0	0	1			2	0	1	1	0	0
SN11-BR-001	IVC11-KP-0001	KP001	PfPv	2	0	0	R	Y	0	8	1	1	1	0	1	1	1	1	0	0	222	9.793916			37.18		1.6923942	0	1			3	0	0	0	1			2	0	1	1	1	0
SN11-BR-004	IVC11-KP-0004	KP004	PfPv	2	0	0	R	Y	0	8	1	1	1	0	1	1	1	1	0	0	223						1.6065402	0	1			3	0	0	0	1			2	0	1	1	1	0
SN11-CK-009	IVC11-BB-0085	BB085	Pf	2	0	0	R	Y	0	8	1	1	1	1	1	1	1	0	0	0	227	9.393756			162.33		3.1595278	0	1			2	0	0	0	1			2	0	1	1	0	0
SN11-KS-019	IVC11-KP-0059	KP059	Pf	2	0	0	R	Y	0	6	0	1	0	1	1	1	1	1	0	0	230						2.8888049	0	1			3	0	0	0	1			2	0	1	1	0	0
SN12-KS-029	IVC12-KP-0073	KP073	Pf	2	0	0	R	Y	0	8	1	1	1	1	1	1	1	1	0	0	237						3.1439481	0	1			3	0	0	0	1			2	0	1	1	0	0
SN1877-76	0	SN076	Pf	2	1	0	R	Y	0	8	1	1	1	1	1	1	1	0	0	0	76	36.482904	60.7855038	30.693507	0.5487208		1.1	0	1	0	1	1	0	0	0	0	0	1	2	0	1	1	1	0
SN1877-79	0	SN079	Pf	2	0	0	R	Y	0	8	1	1	1	1	1	1	1	0	0	0	79	38.466608	76.3355073	38.466608	0.433962		999	0	1	0		1	0	0	0				2	0	1	1	1	0
SN1877-91	0	SN091	Pf	2	1	0	R	Y	0	8	1	1	1	1	1	1	1	0	0	0	91	71.564278	1707.12751	32.752678	1.208102	21.3299803	1.07	0	1	0	1	1	0	0	0	0	0	1	2	0	1	1	1	1
SN1877-103	0	SN103	Pf	2	0	0	R	Y	0	8	1	1	1	1	1	1	1	0	0	0	103	44.547092	268.181769	44.547092	2.5507322		999	0	1	0		1	0	0	0				2	0	1	1	1	0
SN1877-109	0	SN109	Pf	2	0	0	R	Y	0	8	1	1	1	1	1	1	1	0	0	0	109	17.605373	360.394462	17.605373	7.5388843	232.265625	1.08	0	1	0	0	1	0	0	0	0	0	1	2	0	1	1	1	0
SN1877-78	0	SN078	Pf	2	0	0	R	Y	0	9	1	1	1	1	1	1	1	1	0	0	78	18.284576	97.8395148	18.284576			0.94	0	1	1	0	1	1	0	0	0	0	0	2	0	1	1	0	0
SN10-TS-025	IVC10-BB-0052	BB052	Pf	3	0	0	R	Y	0	8	1	1	1	1	1	1	1	1	0	0	221	3.981592			51.91		0.9273532	0	1			2	0	0	0	0			2	0	1	1	1	0
SN11-CK-008	IVC11-BB-0082	BB082	Pf	3	0	0	R	Y	0	8	1	1	1	1	1	1	1	1	0	0	226	13.40536			56.78		1.0415539	0	1			2	0	0	0	0			2	0	1	1	1	0
SN11-SL-013	IVC11-BB-0068	BB068	Pf	3	0	0	R	Y	0	8	1	1	1	1	1	1	1	1	0	0	232	11.734692			17.89		0.9819407	0	1			2	0	0	0	0			2	0	1	1	1	0
SN11-SL-014	IVC11-BB-0069	BB069	PfPv	3	0	0	R	Y	0	8	1	1	1	1	1	1	1	1	0	0	233	10.444176			62.71		1.0573138	0	1			2	0	0	0	0			2	0	1	1	1	0
SN1877-22	0	SN022	Pf	3	0	0	R	Y	0	8	1	1	1	1	1	1	1	1	0	0	22	19.470486	100.591787	19.470486	43.685508	387.210062	3.21	0	1	0	0	1	0	0	0	1	0	0	2	0	1	1	1	0
SN1877-35	0	SN035	Pf	3	0	0	R	Y	0	8	1	1	1	1	1	1	1	1	0	0	35	72.211138	309.423198	72.211138	29.17189	152.969366	1.15	0	1	0	0	1	0	0	0	0	0	1	2	0	1	1	1	1
SN1877-38	0	SN038	Pf	3	1	0	R	Y	0	8	1	1	1	1	1	1	1	1	0	0	38	119.34567	1060.12693		102.632013	879.166688	1.27	0	1	0	0	1	0	0	0	0	0	1	2	0	1	1	1	1
SN1877-39	0	SN039	Pf	3	0	0	R	Y	0	8	1	1	1	1	1	1	1	1	0	0	39	57.430387	923.345216	47.673582	23.0313277	89.4790551	1.19	0	1	0	0	1	0	0	0	0	0	1	2	0	1	1	1	1
SN1877-44	0	SN044	Pf	3	0	0	R	Y	0	8	1	1	1	1	1	1	1	1	0	0	44	46.940474	845.853109	46.940474	76.90771	435.633261	1	0	1	0	0	1	0	0	0	0	0	1	2	0	1	1	1	1
SN1877-48	0	SN048	Pf	3	0	0	R	Y	0	8	1	1	1	1	1	1	1	1	0	0	48	34.348266	65.6111608	34.348266	5.4438122	106.970781	1.38	0	1	0	0	1	0	0	0	0	0	1	2	0	1	1	1	1
SN1877-52	0	SN052	Pf	3	0	0	R	Y	0	8	1	1	1	1	1	1	1	1	0	0	52	131.31258	678.409727	131.31258	33.342747	122.454914	1.08	0	1	0	1	1	0	0	0	0	0	1	2	0	1	1	1	1
SN1877-57	0	SN057	Pf	3	0	0	R	Y	0	8	1	1	1	1	1	1	1	1	0	0	57	156.75574	559.045463	118.37538	32.06497	436.524742	1.26	0	1	0	0	1	0	0	0	0	0	1	2	0	1	1	1	1
SN1877-58	0	SN058	Pf	3	0	0	R	Y	0	8	1	1	1	1	1	1	1	1	0	0	58	6.57641	67.424374	6.5796443	13.4480002	1263.15297	1.39	0	1	0	1	1	0	0	0	0	0	1	2	0	1	1	1	1
SN1877-61	0	SN061	Pf	3	0	0	R	Y	0	8	1	1	1	1	1	1	1	1	0	0	61						1.15	0	1	0	1	1	0	0	0	0	0	1	2	0	1	1	1	1
SN1877-85	0	SN085	Pf	3	1	0	R	Y	0	8	1	1	1	1	1	1	1	1	0	0	85	36.666181	375.659738	26.801566			1.3	0	1	0	0	1	0	0	0	0	0	1	2	0	1	1	1	1
SN1877-92	0	SN092	Pf	3	0	0	R	Y	0	8	1	1	1	1	1	1	1	1	0	0	92				92.723214	471.532441	0.98	0	1	0	0	1	0	0	0	0	0	1	2	0	1	1	1	0
SN1877-94	0	SN094	Pf	3	0	0	R	Y	0	8	1	1	1	1	1	1	1	1	0	0	94	31.825512	85.3995873	31.825512	63.334343	234.594465	1.26	0	1	0	0	1	0	0	0	0	0	1	2	0	1	1	1	1
SN1877-95	0	SN095	Pf	3	0	0	R	Y	0	8	1	1	1	1	1	1	1	1	0	0	95	37.798186	71.9415187	37.798186	53.015691	225.866588	1.12	0	1	0	0	1	0	0	0	0	0	1	2	0	1	1	1	0
SN1877-105	0	SN105	Pf	3	0	0	R	Y	0	8	1	1	1	1	1	1	1	1	0	0	105	28.946985	125.614531	28.946985	6.7939162		0.77	0	1	0	0	1	0	0	0	0	0	1	2	0	1	1	1	1
SN1877-117	0	SN117	PfPv	3	0	0	R	Y	0	8	1	1	1	1	1	1	1	1	0	0	117	61.268423	267.712048	61.268423	60.248391	298.157059	0.95	0	1	0	1	1	0	0	0	0	0	1	2	0	1	1	1	1
SN1877-15	0	SN015	Pf	4	0	0	R	Y	0	8	1	1	1	1	1	1	1	1	0	0	15				1.797326	15.8619938	1.28	0	1	0	1	1	0	0	0	0	0	1	2	0	1	1	1	1
SN1877-16	0	SN016	Pf	4	0	0	R	Y	0	8	1	1	1	1	1	1	1	1	0	0	16	45.700659	74.6479963	45.700659	5.3088018	134.1762	0.72	0	1	0	0	1	0	0	0	0	0	1	2	0	1	1	1	0
SN1877-30	0	SN030	Pf	4	0	0	R	Y	0	8	1	1	1	1	1	1	1	1	0	0	30				48.483199	451.298356	1.35	0	1	0	1	1	0	0	0	0	0	1	2	0	1	1	1	1
SN1877-31	0	SN031	Pf	4	0	0	R	Y	0	8	1	1	1	1	1	1	1	1	0	0	31	25.928305	8.4124091	25.928305	43.781944	16.7864503	0.74	0	1	0	0	1	0	0	0	0	0	1	2	0	1	1	1	1
SN1877-42	0	SN042	Pf	4	1	0	R	Y	0	8	1	1	1	1	1	1	1	1	0	0	42	148.45437	3580.56959	59.608149	47.784038	168.559861	1.16	0	1	0	1	1	0	0	0	0	0	1	2	0	1	1	1	1
SN1877-46	0	SN046	Pf	4	1	0	R	Y	0	8	1	1	1	1	1	1	1	1	0	0	46	80.221421	735.885988	39.178154	38.791381	989.333497	1.39	0	1	0	1	1	0	0	0	0	0	1	2	0	1	1	1	1
SN1877-47	0	SN047	Pf	4	0	0	R	Y	0	8	1	1	1	1	1	1	1	1	0	0	47	64.545847	667.378719	41.140296	39.177125	2265.96534	1.35	0	1	0	1	1	0	0	0	0	0	1	2	0	1	1	1	1
SN1877-62	0	SN062	Pf	4	1	0	R	Y	0	8	1	1	1	1	1	1	1	1	0	0	62	92.7166	3883.21413	34.024836	7.8474795	323.315833	0.75	0	1	0	1	1	0	0	0	0	0	1	2	0	1	1	1	1
SN1877-63	0	SN063	PfPv	4	0	0	R	Y	0	8	1	1	1	1	0	1	1	1	0	0	63	51.511618	142.189502	51.511618	34.596415	220.607392	0.86	0	1	0	1	1	0	0	0	0	0	1	2	0	1	1	1	0
SN1877-71	0	SN071	Pf	4	0	0	R	Y	0	8	1	1	1	1	1	1	1	1	0	0	71	59.263157	626.267688	59.263157	42.67293	3715.90027	3.19	0	1	0	0	1	0	0	0	1	0	0	2	0	1	1	1	1
SN1877-74	0	SN074	Pf	4	0	0	R	Y	0	8	1	1	1	1	1	1	1	1	0	0	74	32.601744	64.9196868	32.601744	33.077548	573.864414		0	1	0	1	1	0	0	0				2	0	1	1	1	1
SN1877-75	0	SN075	Pf	4	1	0	R	Y	0	8	1	1	1	1	1	1	1	1	0	0	75	58.928946	1882.4835	29.43213	4.7663493		1.22	0	1	0	0	1	0	0	0	0	0	1	2	0	1	1	1	1
SN1877-77	0	SN077	Pf	4	1	0	R	Y	0	8	1	1	1	1	1	1	1	1	0	0	77	42.239958	159.588896	30.855222	1.5031961			0	1	0	1	1	0	0	0				2	0	1	1	1	1
SN1877-81	0	SN081	Pf	4	1	0	R	Y	0	8	1	1	1	1	1	1	1	1	0	0	81	57.67835	1266.36823	42.218396				0	1	0	1	1	0	0	0				2	0	1	1	1	1
SN1877-86	0	SN086	Pf	4	1	0	R	Y	0	8	1	1	1	1	1	1	1	1	0	0	86	14.996371	111.952844	9.5056077	3.1317591	507.217795	1.05	0	1	0	1	1	0	0	0	0	0	1	2	0	1	1	1	1
SN1877-96	0	SN096	Pf	4	1	0	R	Y	0	8	1	1	1	1	1	1	1	1	0	0	96	307.04288	3267.00383	101.513896	25.097469	144.53816	1.31	0	1	0	1	1	0	0	0	0	0	1	2	0	1	1	1	1
SN1877-98	0	SN098	Pf	4	0	0	R	Y	0	8	1	1	1	1	1	1	1	1	0	0	98	29.291977	136.306984	29.291977	33.222202	672.812517	0.91	0	1	0	1	1	0	0	0	0	0	1	2	0	1	1	1	1
SN1877-101	0	SN101	Pf	4	1	0	R	Y	0	0	0	1	1	1	1	1	1	1	0	0	101	65.602385	2523.71364	33.431881	10.4705387	398.681262	0.96	0	1	0	1	1	0	0	0	0	0	1	2	0	1	1	1	1
SN1877-102	0	SN102	Pf	4	1	0	R	Y	0	0	0	1	1	1	1	1	1	1	0	0	102	26.607508	195.046398	9.5659813	1.7204182		0.98		1	0	0	1	0	0	0	0	0	1	2	0	1	1	1	1
SN1877-106	0	SN106	Pf	4	1	0	R	Y	0	8	1	1	1	1	1	1	1	1	0	0	106			4.4072728			1.01	0	1	0	1	1	0	0	0	0	0	1	2	0	1	1	1	1
SN1877-108	0	SN108	Pf	4	1	0	R	Y	0	8	1	1	1	1	1	1	1	1	0	0	108	17.389753	970.578287	9.6101834			1.01	0	1	0	1	1	0	0	0	0	0	1	2	0	1	1	1	1
SN1877-114	0	SN114	Pf	4	0	0	R	Y	0	8	1	1	1	1	1	1	1	1	0	0	114						0.91	0	1	0	1	1	0	0	0	0	0	1	2	0	1	1	1	1
SN1877-116	0	SN116	Pf	4	1	0	R	Y	0	8	1	1	1	1	1	1	1	1	0	0	116	397.06423	11887.8213	53.333607	66.420295	203.662444	1.05	0	1	0	1	1	0	0	0	0	0	1	2	0	1	1	1	1
SN11-BR-024	IVC11-KP-0027	KP027	Pf	2	0	0	R	C	0	8	1	1	1	1	1	1	1	1	1	0	224	17.426968			63.7		0.8057175	0	1			3	0	0	1	0			3	0	0	1	0	0
SN11-KS-006	IVC11-KP-0030	KP030	PfPv	2	0	0	R	C	0	9	1	1	0	1	1	1	0	1	0	0	229						0.9235302	0	1			3	0	0	0	0			3	0	0	0	0	0
SN12-KS-022	IVC12-KP-0062	KP062	Pf	2	0	0	R	C	0	8	1	1	0	0	1	1	1	1	0	1	236						0.8991656	0	1			3	0	0	1	0			3	0	0	1	0	0
SN1877-64	0	SN064	Pf	2	1	0	R	C	0	8	1	1	0	1	0	0	1	1	0	0	64	76.857749	568.539947	44.503968	10.6127818	342.571799	1.15		1	0	0	1	0	0	0	0	0	1	3	0	0	0	0	0
SN1877-97	0	SN097	Pf	2	0	0	R	C	0	8	1	1	1	0	1	1	1	1	0	0	97	45.301762	311.820619	45.301762			0.89	0	1	0	0	1	0	0	0	0	0	1	3	0	0	0	0	1
SN1877-107	0	SN107	Pf	2	0	0	R	C	0	6	0	1	0	0	0	0	1	0	0	0	107	12.969543	104.298508	12.969543			1.07	0	0	0	0	1	0	0	0	0	0	1	3	0	0	0	0	0
SN1877-111	0	SN111	Pf	2	0	0	R	C	0	8	1	1	1	0	0	0	0	0	0	0	111	45.840812	134.662802	45.840812	84.043974	314.005748	0.96	0	0	0	0	1	0	0	0	0	0	1	3	0	0	0	0	0
